Arson 49 1 50 48 7 55 134 8 142
Assault 2,155 239 2,394 1,993 246 2,239 5,195 398 5,593
Auto Theft 822 126 948 724 114 838 1,751 188 1,939
Burglary/Criminal Trespass 1,382 142 1,524 1,460 170 1,630 2,777 228 3,005
Child/Adult Abuse 115 47 162 108 44 152 211 93 304
Child Molestation 187 4 191 159 1 160 1,749 20 1,769
Criminal Damage 140 13 153 123 13 136 169 13 182
Domestic Violence 171 13 184 185 17 202 143 5 148
Drug Possession 3,172 873 4,045 2,795 761 3,556 3,293 665 3,958
Drug Trafficking 1,449 275 1,724 2,116 327 2,443 4,318 705 5,023
DUI 960 226 1,186 1,068 237 1,305 1,262 195 1,457
Escape 90 14 104 90 20 110 137 19 156
Forgery 175 100 275 229 102 331 238 120 358
Fraud 84 29 113 69 22 91 227 82 309
Identity Theft 114 72 186 85 66 151 261 134 395
Kidnapping 203 13 216 220 13 233 1,291 51 1,342
Manslaughter/Neg. Homicide 99 14 113 91 20 111 665 92 757
Murder 148 14 162 131 11 142 2,887 210 3,097
Other 840 150 990 873 118 991 1,357 194 1,551
Rape/Sexual Assault 78 2 80 73 0 73 567 6 573
Robbery 794 79 873 795 77 872 3,369 202 3,571
Sex Offense 627 13 640 542 18 560 2,800 57 2,857
Theft 589 215 804 613 254 867 760 242 1,002
Trafficking in Stolen Property 255 47 302 286 42 328 603 92 695
Weapons Offense 903 41 944 823 49 872 1,859 71 1,930
