Arson 42 14 56 47 6 53 128 16 144
Assault 2,040 241 2,281 2,031 239 2,270 5,191 399 5,590
Auto Theft 786 171 957 704 116 820 1,822 239 2,061
Burglary/Criminal Trespass 1,267 177 1,444 1,361 168 1,529 2,636 235 2,871
Child/Adult Abuse 112 55 167 104 54 158 223 97 320
Child Molestation 140 1 141 153 2 155 1,726 19 1,745
Criminal Damage 94 16 110 124 13 137 139 16 155
Domestic Violence 177 18 195 168 15 183 159 8 167
Drug Possession 3,166 900 4,066 3,083 881 3,964 3,398 683 4,081
Drug Trafficking 1,373 349 1,722 1,710 281 1,991 4,080 770 4,850
DUI 1,017 194 1,211 951 193 1,144 1,305 196 1,501
Escape 101 18 119 95 16 111 154 25 179
Forgery 208 114 322 191 108 299 256 124 380
Fraud 59 33 92 78 33 111 210 79 289
Identity Theft 126 64 190 119 66 185 260 133 393
Kidnapping 208 13 221 233 18 251 1,265 47 1,312
Manslaughter/Neg. Homicide 93 17 110 104 12 116 656 97 753
Murder 152 17 169 110 6 116 2,945 221 3,166
Other 871 187 1,058 813 164 977 1,435 218 1,653
Rape/Sexual Assault 86 0 86 62 0 62 584 6 590
Robbery 753 81 834 742 71 813 3,360 214 3,574
Sex Offense 576 23 599 522 12 534 2,842 68 2,910
Theft 591 237 828 557 227 784 783 251 1,034
Trafficking in Stolen Property 228 39 267 260 46 306 565 86 651
Weapons Offense 861 55 916 856 47 903 1,864 79 1,943
