Arson 35 5 40 40 6 46 132 14 146
Assault 2,015 249 2,264 2,080 266 2,346 5,005 399 5,404
Auto Theft 732 130 862 681 112 793 1,661 179 1,840
Burglary/Criminal Trespass 1,360 179 1,539 1,508 144 1,652 2,859 252 3,111
Child/Adult Abuse 130 52 182 110 44 154 211 88 299
Child Molestation 192 2 194 196 6 202 1,711 17 1,728
Criminal Damage 124 19 143 117 23 140 151 12 163
Domestic Violence 199 13 212 227 11 238 159 9 168
Raw Possession 2,901 709 3,610 2,624 667 3,291 2,993 577 3,570
Raw Trafficking 1,874 336 2,210 2,357 367 2,724 4,961 746 5,707
DUI 1,060 230 1,290 1,196 230 1,426 1,394 204 1,598
Escape 99 23 122 93 15 108 141 26 167
Forgery 196 86 282 261 123 384 295 122 417
Fraud 75 27 102 75 23 98 212 76 288
Identity Theft 101 62 163 131 74 205 224 123 347
Kidnapping 170 15 185 212 12 224 1,315 51 1,366
Manslaughter/Neg. Homicide 99 19 118 116 17 133 662 95 757
Murder 124 10 134 114 10 124 2,870 207 3,077
Other 836 120 956 848 124 972 1,348 159 1,507
Rape/Sexual Assault 82 0 82 67 0 67 561 4 565
Robbery 761 76 837 818 57 875 3,370 198 3,568
Sex Offense 648 25 673 540 24 564 2,701 61 2,762
Theft 647 265 912 715 262 977 795 281 1,076
Trafficking in Stolen Property 235 40 275 288 40 328 633 87 720
Weapons Offense 826 49 875 852 41 893 1,773 76 1,849
